0 0.235156 0.289062 0.035937 0.062500
1 0.259766 0.291016 0.035156 0.066406
1 0.285547 0.291016 0.033594 0.066406
0 0.311719 0.289453 0.035937 0.066406
1 0.335547 0.290625 0.033594 0.062500
0 0.377344 0.288281 0.032813 0.064062
1 0.404297 0.289062 0.027344 0.059375
0 0.430078 0.291406 0.025781 0.064062
0 0.455469 0.288281 0.026562 0.064062
0 0.481250 0.289844 0.028125 0.060937
0 0.506250 0.286328 0.025000 0.053906
0 0.533594 0.286328 0.026562 0.057031
0 0.560937 0.282813 0.025000 0.053125
0 0.589453 0.282813 0.028906 0.059375
0 0.618750 0.282813 0.025000 0.059375
0 0.643359 0.281641 0.027344 0.053906
0 0.673047 0.281641 0.027344 0.053906
1 0.701172 0.278906 0.027344 0.051562
0 0.730859 0.280859 0.030469 0.055469
1 0.760938 0.278125 0.028125 0.062500
1 0.787500 0.276953 0.031250 0.053906
1 0.816406 0.275000 0.035937 0.062500
1 0.197656 0.401562 0.042188 0.059375
0 0.223828 0.400000 0.041406 0.062500
1 0.250391 0.402344 0.038281 0.064062
1 0.280859 0.401172 0.039844 0.058594
1 0.312109 0.403906 0.036719 0.060937
1 0.350391 0.401953 0.035156 0.057031
0 0.375391 0.402344 0.035156 0.060937
1 0.408984 0.396484 0.033594 0.058594
1 0.435547 0.397266 0.033594 0.057031
0 0.466016 0.396875 0.035156 0.062500
1 0.495703 0.396094 0.032031 0.060937
1 0.521875 0.396875 0.031250 0.059375
1 0.553906 0.394922 0.029687 0.067969
1 0.583594 0.396875 0.029687 0.059375
1 0.614062 0.392969 0.034375 0.064062
0 0.646484 0.389062 0.030469 0.071875
0 0.679688 0.394531 0.031250 0.073438
0 0.710156 0.389844 0.035937 0.073438
1 0.741016 0.391016 0.032031 0.069531
0 0.773438 0.392188 0.037500 0.075000
1 0.805859 0.390234 0.033594 0.071094
0 0.838672 0.391016 0.036719 0.066406
1 0.176172 0.461328 0.036719 0.078906
0 0.205078 0.463672 0.044531 0.080469
0 0.232422 0.458984 0.039844 0.083594
1 0.260937 0.467578 0.040625 0.078906
0 0.290234 0.465234 0.036719 0.080469
1 0.335547 0.468750 0.030469 0.084375
0 0.367969 0.466797 0.042188 0.083594
1 0.395313 0.468750 0.037500 0.078125
1 0.428125 0.463672 0.037500 0.083594
1 0.455859 0.468750 0.030469 0.075000
1 0.489844 0.468750 0.032813 0.075000
1 0.519531 0.468359 0.032813 0.071094
1 0.552344 0.465234 0.026562 0.071094
1 0.583203 0.466797 0.032031 0.071094
1 0.614453 0.467187 0.028906 0.071875
1 0.646875 0.464062 0.031250 0.071875
1 0.681250 0.466797 0.031250 0.071094
1 0.711719 0.466016 0.035937 0.066406
0 0.746094 0.466406 0.032813 0.073438
0 0.778906 0.463281 0.039062 0.073438
0 0.812891 0.465234 0.035156 0.067969
0 0.849219 0.459375 0.042188 0.075000
1 0.122656 0.615234 0.045312 0.083594
1 0.152344 0.618750 0.045312 0.078125
1 0.187891 0.619141 0.044531 0.078906
1 0.219141 0.617188 0.041406 0.078125
1 0.252344 0.621875 0.042188 0.075000
1 0.302344 0.618359 0.039062 0.071094
0 0.337500 0.617188 0.040625 0.078125
0 0.372656 0.620313 0.048438 0.084375
1 0.405078 0.620703 0.041406 0.078906
1 0.439453 0.623047 0.041406 0.080469
0 0.471094 0.621484 0.035937 0.080469
0 0.505859 0.625000 0.036719 0.087500
0 0.542188 0.621875 0.037500 0.078125
1 0.578906 0.622656 0.035937 0.085938
1 0.614844 0.620703 0.035937 0.082031
0 0.651172 0.625391 0.036719 0.082031
0 0.689453 0.627734 0.041406 0.083594
1 0.727344 0.625391 0.042188 0.082031
0 0.764062 0.625781 0.040625 0.089063
1 0.801953 0.628516 0.044531 0.091406
1 0.837891 0.624219 0.041406 0.089063
1 0.875781 0.621875 0.048438 0.087500
0 0.059375 0.734375 0.053125 0.075000
1 0.094922 0.737500 0.055469 0.084375
1 0.138281 0.739844 0.054688 0.085938
1 0.176563 0.739844 0.059375 0.089063
0 0.219141 0.737109 0.053906 0.092969
1 0.257812 0.737500 0.053125 0.087500
1 0.299609 0.734766 0.052344 0.078906
1 0.344922 0.739453 0.052344 0.078906
1 0.386719 0.746484 0.051562 0.083594
0 0.429297 0.741016 0.049219 0.082031
0 0.470703 0.744531 0.041406 0.085938
0 0.510547 0.748437 0.046094 0.087500