1 0.566016 0.866016 0.125781 0.207031
1 0.606250 0.720313 0.115625 0.187500
1 0.635938 0.624219 0.103125 0.139063
1 0.653516 0.522656 0.100781 0.148438
1 0.675000 0.451953 0.084375 0.119531
1 0.691406 0.374609 0.082812 0.108594
1 0.706641 0.319531 0.082031 0.098437
1 0.723437 0.271484 0.081250 0.083594
1 0.734766 0.226562 0.066406 0.071875
1 0.436719 0.866016 0.139063 0.169531
1 0.576172 0.437109 0.092969 0.092969
1 0.601562 0.375391 0.090625 0.078906
1 0.620703 0.314063 0.091406 0.078125
1 0.635938 0.265625 0.084375 0.062500
1 0.657422 0.222656 0.067969 0.051562
1 0.312891 0.400391 0.060156 0.107031
1 0.349219 0.341797 0.060937 0.092969
1 0.387500 0.294922 0.059375 0.092969
1 0.416406 0.246875 0.057813 0.075000
1 0.443750 0.206250 0.059375 0.078125
1 0.468750 0.173047 0.056250 0.071094
1 0.179297 0.444531 0.064844 0.123438
1 0.228906 0.385156 0.064062 0.101562
0 0.276172 0.329297 0.058594 0.096094
1 0.312891 0.276172 0.053906 0.080469
1 0.347656 0.237500 0.054688 0.084375
1 0.379688 0.203516 0.056250 0.078906
0 0.407422 0.170703 0.049219 0.069531