1 0.540234 0.820312 0.130469 0.178125
1 0.483203 0.678906 0.119531 0.139063
1 0.435547 0.571875 0.105469 0.125000
1 0.398047 0.478906 0.099219 0.114062
0 0.364063 0.394531 0.090625 0.089063
1 0.344141 0.320312 0.088281 0.090625
1 0.308984 0.255469 0.083594 0.076563
1 0.284766 0.196875 0.075781 0.078125
1 0.271875 0.149219 0.071875 0.064062
1 0.250781 0.103906 0.067187 0.064062
1 0.623047 0.728125 0.105469 0.128125
1 0.550781 0.612500 0.110937 0.121875
1 0.519141 0.504297 0.094531 0.108594
1 0.475781 0.415625 0.101562 0.096875
1 0.444531 0.342187 0.095312 0.084375
1 0.415625 0.271484 0.090625 0.080469
1 0.385547 0.216797 0.077344 0.067969
1 0.358984 0.160156 0.086719 0.076563
1 0.334766 0.118359 0.069531 0.055469
1 0.308203 0.076953 0.069531 0.057031
0 0.885156 0.528906 0.076563 0.110937
1 0.817187 0.432031 0.062500 0.110937
1 0.761719 0.367578 0.060937 0.116406
1 0.705859 0.303125 0.064844 0.096875
1 0.657422 0.237891 0.064844 0.094531
1 0.621875 0.191016 0.056250 0.094531
1 0.582422 0.139453 0.058594 0.082031
1 0.552734 0.104688 0.058594 0.084375
1 0.521094 0.060547 0.057813 0.092969
1 0.937891 0.454688 0.094531 0.096875
1 0.873437 0.365625 0.081250 0.090625
1 0.819141 0.296094 0.088281 0.076563
1 0.764453 0.229297 0.078906 0.071094
0 0.712500 0.178125 0.068750 0.062500
0 0.678516 0.128516 0.075781 0.066406
1 0.638672 0.087891 0.061719 0.057031
1 0.606641 0.045703 0.069531 0.057031
1 0.899609 0.165234 0.046094 0.096094
1 0.850391 0.117578 0.047656 0.078906
1 0.806250 0.085156 0.050000 0.076563